[gd_scene load_steps=11 format=3 uid="uid://bgjs7cfay65c2"]

[ext_resource type="PackedScene" uid="uid://bknmich6p0hft" path="res://player.tscn" id="2_0xm2m"]
[ext_resource type="Script" uid="uid://bd046eokvcnu2" path="res://addons/phantom_camera/scripts/phantom_camera_host/phantom_camera_host.gd" id="2_1bvp3"]
[ext_resource type="Script" uid="uid://csjccrhj5wnx7" path="res://addons/phantom_camera/scripts/phantom_camera/phantom_camera_3d.gd" id="2_h2yge"]
[ext_resource type="Script" uid="uid://8umksf8e80fw" path="res://addons/phantom_camera/scripts/resources/tween_resource.gd" id="3_1bvp3"]
[ext_resource type="Script" uid="uid://djs5e7lkbo60e" path="res://scripts/procedural_map.gd" id="7_5vw27"]
[ext_resource type="Script" uid="uid://lvdibt8falnc" path="res://scripts/Minimap.gd" id="8_minimap"]

[sub_resource type="ProceduralSkyMaterial" id="ProceduralSkyMaterial_as1t3"]
sky_horizon_color = Color(0.66224277, 0.6717428, 0.6867428, 1)
ground_horizon_color = Color(0.66224277, 0.6717428, 0.6867428, 1)

[sub_resource type="Sky" id="Sky_744mi"]
sky_material = SubResource("ProceduralSkyMaterial_as1t3")

[sub_resource type="Environment" id="Environment_c5lsl"]
background_mode = 1
sky = SubResource("Sky_744mi")
tonemap_mode = 2
glow_enabled = true

[sub_resource type="Resource" id="Resource_lquwl"]
script = ExtResource("3_1bvp3")

[node name="Main" type="Node3D"]

[node name="WorldEnvironment" type="WorldEnvironment" parent="."]
environment = SubResource("Environment_c5lsl")

[node name="DirectionalLight3D" type="DirectionalLight3D" parent="."]
transform = Transform3D(0.17029983, -0.9597557, 0.22330908, -0.29712486, 0.16605744, 0.9402881, -0.93952906, -0.22648159, -0.25688773, -2.945, 5.175, 0)
shadow_enabled = true
shadow_opacity = 0.49

[node name="Player" parent="." instance=ExtResource("2_0xm2m")]
transform = Transform3D(3, 0, 0, 0, 3, 0, 0, 0, 3, -2.9500206, 0, -0.06919098)
wall_min_slide_angle = 0.10471976
hover_color = Color(0.7285387, 0.33243695, 0.53048784, 0.050980393)
target_color = Color(0.4284812, 0.27790415, 0.32941735, 0.6117647)
highlight_emission = 0.005
click_effect_color = Color(0.17897373, 0.0957414, 0.032924913, 1)
click_particle_count = 45

[node name="Camera3D" type="Camera3D" parent="."]
physics_interpolation_mode = 1
transform = Transform3D(0.9999975, 0, 0, 0, 0.24530628, 0.96944314, 0, -0.9694409, 0.24530686, -2.9500206, 13.57, -0.06919098)
v_offset = -4.58
doppler_tracking = 2
current = true
fov = 68.3

[node name="PhantomCameraHost" type="Node" parent="Camera3D"]
process_priority = 300
process_physics_priority = 300
script = ExtResource("2_1bvp3")
metadata/_custom_type_script = "uid://bd046eokvcnu2"

[node name="PhantomCamera3D" type="Node3D" parent="." node_paths=PackedStringArray("follow_target")]
transform = Transform3D(0.9999975, 0, 0, 0, 0.24530628, 0.96944314, 0, -0.9694409, 0.24530686, -2.9500206, 13.57, -0.06919098)
top_level = true
script = ExtResource("2_h2yge")
follow_mode = 2
follow_target = NodePath("../Player")
look_at_mode = 1
tween_resource = SubResource("Resource_lquwl")
follow_offset = Vector3(0, 13.57, 0)
follow_damping = true
follow_damping_value = Vector3(0.33, 0.33, 0.33)
follow_distance = 3.65
spring_length = 3.65
_preview_noise = false

[node name="Procedural Map" type="Node3D" parent="."]
script = ExtResource("7_5vw27")
median_rooms = 20
random_seed = 11670
show_grid_debug = false

[node name="HUD" type="CanvasLayer" parent="."]

[node name="Minimap" type="Control" parent="HUD"]
layout_mode = 3
anchors_preset = 0
script = ExtResource("8_minimap")
minimap_size = 200
border_margin = 4
wall_color = Color(0, 0, 0, 0)
floor_color = Color(0.97473055, 0.33887592, 1.1551381e-06, 0.3137255)
background_color = Color(0, 0, 0, 0)
player_color = Color(0, 0, 0, 1)
player_dot_size = 1
